20
53 0.623 0.075 0.451 0.830 0.258 0.036 0.105
1 0.800 0.100 0.500 0.500 0.500 0.500 0.500
42 0.890 0.226 0.829 0.910 0.700 0.045 0.566
62 0.740 0.653 0.323 0.642 0.837 0.773 0.610
99 0.753 0.662 0.810 0.984 0.645 0.511 0.015
40 0.763 0.659 0.378 0.149 0.117 0.487 0.657
34 0.464 0.371 0.105 0.424 0.121 0.433 0.857
58 0.239 0.204 0.010 0.535 0.911 0.130 0.369
26 0.928 0.032 0.852 0.335 0.771 0.136 0.471
2 0.600 0.200 0.500 0.100 1.000 0.100 1.000
67 0.329 0.065 0.937 0.810 0.385 0.159 0.381
25 0.984 0.222 0.993 0.336 0.207 0.084 0.478
75 0.583 0.469 0.241 0.940 0.053 0.770 0.129
1 1.000 0.000 1.000 1.000 1.000 1.000 1.000
61 0.633 0.071 0.634 0.946 0.641 0.946 0.710
27 0.620 0.014 0.817 0.451 0.090 0.229 0.504
26 0.928 0.246 0.915 0.726 0.009 0.732 0.041
12 0.743 0.714 0.911 0.552 0.964 0.776 0.356
6 0.807 0.331 0.737 0.825 0.406 0.018 0.704
8 0.838 0.389 0.829 0.592 0.594 0.669 0.480
