100
70.86164 2.12495 179.92482
334.00000 3.00000 381.00000
1.0 2.7 98.8
41.0 3.0 412.0
203.71715 3.60977 850.08026
327.0 3.0 576.0
491.75934 1.44499 1961.53724
497.14629 1.47987 1912.39507
383.56537 1.4586 1.0
127.40484 2.16861 591.34011
495.56933 1.47959 1906.40839
497.26491 1.07960 1991.26758
491.81282 1.29599 1939.67754
490.59694 1.00577 1994.81339
494.33577 1.26646 1928.80769
500.0 2.81 1213.02
275.50 1.86843 885.3
33.0 2.0 1261.0
282.62946 3.09649 86.61636
494.44115 1.23972 1934.93566
1.06791 3.34081 1999.10716
1.04073 3.53675 1999.45530
494.09148 1.14388 1915.26862
1.07247 1.8 844.924
98.62801 2.69776 1541.0
493.15312 1.30356 1932.23232
55.0 2.0 1425.0
60.34906 3.90972 70.64879
490.90661 1.16948 1959.30146
490.96456 1.17734 1996.47407
425.0 1.0 1661.0
490.30952 1.14842 1925.41120
497.93717 2.71620 1209.14210
6.18838 4.00 1186.6
494.81940 1.49998 1945.52040
468.35385 3.38415 108.25199
435.06988 2.58647 1083.04328
498.52616 1.35380 1975.14190
302.00000 4.00000 327.00000
119.00000 2.00000 238.00000
450.40196 1.18823 1152.97062
266.0 3.0 1328.0
144.0 2.0 597.0
425.00000 2.00000 850.00000
490.66626 1.27503 1955.31882
123.0 1.0 2000.00
497.53808 1.12140 1980.49973
1.36959 2.92718 2.47938
283.0 3.0 1842.0
496.12437 1.47657 1904.65925
124.0 4.0 372.0
491.36889 1.20332 1903.85054
491.27970 1.49518 1903.12733
494.43154 1.47949 1946.95345
307.0 4.0 96.6
497.87296 1.08378 1956.36922
21.8368 3.625 1732.21854
261.17001 3.71908 1154.27004
56.7571 1.0 1116.0
428.00000 1.00000 441.00000
1.00098 3.54692 1999.59695
498.53941 1.19767 1965.94066
421.0 1.0 859.0
496.46531 1.36693 1952.01800
261.59708 1.29930 1025.43994
420.14646 1.42856 1415.29428
498.07147 1.40604 1920.26887
294.0 3.2419 1683.9
443.45817 1.78784 41.35399
420.82596 3.96809 1371.59653
498.37119 1.38098 1961.74532
419.00000 2.00000 838.00000
490.42830 1.11371 1994.60278
205.883 3.368 328.03
496.14333 1.32884 1902.66952
419.692 1.0 430.0
344.00000 4.00000 371.00000
181.0 1.62 1378.6754
177.4648 2.288 1466.0
56.90 1.0 463.49895
148.0 1.0000 1519.4359
493.53976 1.22471 1934.33300
495.52660 1.42537 1924.63940
86.0 3.0 1457.0
161.6529 2.3332 1889.8534
495.45019 3.57009 1377.52860
393.83822 1.10812 527.09211
173.98784 1.11152 1957.74821
491.90872 1.16322 1948.65580
257.81069 2.79478 194.32814
97.0 3.0 262.0
491.10051 1.17062 1984.60435
242.00000 2.00000 484.00000
491.74266 1.04882 1963.69183
441.0 2.0 1508.0
492.71233 1.13558 1907.33004
209.26880 3.50493 118.96379
113.52218 2.53194 363.97247
490.15063 1.21433 1946.29276
1.03122 3.78751 1999.84621
